ee, recovered
For array: 0, 0
Max: -0.6462531863860262, Min: -1.903494989341084
Difference: 
4.78297729591501e-07
4.856311491475601e-07
4.814403202014593e-07
4.824885278257894e-07
4.782975917373176e-07
4.856312274763039e-07
4.78297513966204e-07
4.85631261088901e-07
4.77249910057834e-07
For array: 0, 1
Max: -0.6690289862145538, Min: -1.8386545128271752
Difference: 
4.777667306762306e-07
4.861477709674346e-07
4.882421690085959e-07
4.756723143001369e-07
4.772428274252062e-07
4.866716285757672e-07
4.777665326152496e-07
4.861478911215917e-07
4.772427298585752e-07
For array: 0, 2
Max: -0.7198559374905288, Min: -1.7074302171055808
Difference: 
4.7670587150278853e-07
4.871819255902014e-07
5.039418506211707e-07
4.599459469684416e-07
4.772295341689658e-07
4.866582302966617e-07
4.871810959147616e-07
4.767066562732698e-07
4.77229434486889e-07
For array: 0, 3
Max: -0.8028496454472046, Min: -1.5315691342581677
Difference: 
5.034072832062454e-07
4.719777137461164e-07
4.7564321710440265e-07
4.887385125875197e-07
4.7564295390845767e-07
4.876908305954561e-07
4.756431156606865e-07
4.876906641827787e-07
4.756432457872369e-07
For array: 0, 4
Max: -0.913810715095952, Min: -1.3452410940598283
Difference: 
4.719649079646209e-07
4.798200733528028e-07
5.028703328272787e-07
4.7301357763655794e-07
4.730123983776503e-07
4.908220310081222e-07
4.740599008129704e-07
4.892506245260072e-07
4.719648767030695e-07
For array: 0, 5
Max: 1.233343556036412, Min: 0.9961847920961676
Difference: 
4.991987536145546e-07
4.635793294461007e-07
5.007702001551619e-07
5.033874019068238e-07
4.5939058085559806e-07
4.651507207289995e-07
4.829593865968378e-07
5.033892684618394e-07
4.76151938464909e-07
For array: 0, 6
Max: 1.3453348672530723, Min: 0.9135707227163382
Difference: 
4.630619047897417e-07
4.7144097497578114e-07
4.730095490522937e-07
5.03395512223814e-07
4.792989485615373e-07
4.7196479436634035e-07
4.91869629435835e-07
4.7144096090280475e-07
4.923934423570831e-07
For array: 0, 7
Max: 1.53153263736475, Min: 0.8023819342902889
Difference: 
4.876908644938968e-07
5.034028177765022e-07
4.5993100221526733e-07
4.7564324999643815e-07
4.887384707213693e-07
4.861183571798343e-07
4.772154280801064e-07
4.7564315143481514e-07
4.882145836195816e-07
For array: 0, 8
Max: 1.7076351544139028, Min: 0.7201861598736605
Difference: 
4.719927262598066e-07
4.7670572056474103e-07
4.871820787232147e-07
4.7670564556720255e-07
4.8665808524019e-07
4.767058880615418e-07
4.871818781685831e-07
4.767058249033492e-07
4.835135840512225e-07
For array: 0, 9
Max: 1.838543751387623, Min: 0.6691522506470167
Difference: 
4.861477353916413e-07
4.777667143512456e-07
4.861477773862939e-07
4.919085938181087e-07
4.7200588242497363e-07
4.772428228953278e-07
4.86671623127091e-07
4.77766532291935e-07
4.861478843423884e-07
For array: 0, 10
Max: 1.9031928282333477, Min: 0.646450481652236
Difference: 
4.861550643227928e-07
4.777737547701564e-07
4.814377514442307e-07
5.034422510239238e-07
4.646797963136935e-07
4.782977754058146e-07
4.856310253936415e-07
4.819641588094298e-07
4.81964611849836e-07
For array: 1, 0
Max: -0.6146768631572996, Min: -1.8567509029141318
Difference: 
4.7095851022669193e-07
4.782916930389043e-07
4.871955005320086e-07
4.625788411549374e-07
4.704345018461498e-07
4.7409820057388015e-07
4.751520439623551e-07
4.788155320658488e-07
4.709584709556985e-07
For array: 1, 1
Max: -0.6367077274411117, Min: -1.791280996566668
Difference: 
4.704274431635685e-07
4.788086211943045e-07
4.924257472186898e-07
4.568103023241158e-07
4.7042754675698906e-07
4.78808445658054e-07
4.7042760760974817e-07
4.788083621598394e-07
4.704276459071206e-07
For array: 1, 2
Max: -0.6879255835166427, Min: -1.658272389916209
Difference: 
4.6989056690967084e-07
4.793191946459208e-07
4.704143800797442e-07
4.787953786998628e-07
4.69890639062414e-07
4.793190903414845e-07
4.698907007639751e-07
4.793190179600446e-07
4.7460458439339194e-07
For array: 1, 3
Max: -0.7720640516797901, Min: -1.4777640649332844
Difference: 
4.7563727939674353e-07
4.7406690756733585e-07
4.688282191567869e-07
4.6410920037412604e-07
5.034026683649421e-07
4.62020327147862e-07
4.693520183649974e-07
4.7563647111745467e-07
5.033981299103508e-07
For array: 1, 4
Max: -0.8901512335823003, Min: -1.2808969337236955
Difference: 
4.641025205962038e-07
4.593846312944828e-07
5.033907504072397e-07
4.714366282976365e-07
4.646263021372495e-07
4.709100570232057e-07
5.028645505421183e-07
4.6043745945837813e-07
4.641024177875866e-07
4.829592809820754e-07
For array: 1, 5
Max: 1.1446913811838502, Min: 0.9959387583511011
Difference: 
4.7038252230952934e-07
5.033844839320491e-07
4.771942074308587e-07
4.478599186122088e-07
4.81906883349823e-07
5.033835777416283e-07
4.6409925260404775e-07
4.4890757065481384e-07
4.939550481327583e-07
For array: 1, 6
Max: 1.2805229262525477, Min: 0.8902597373407848
Difference: 
4.656712173580619e-07
5.033894590802465e-07
4.651513762938368e-07
4.651500495870821e-07
4.766728752225884e-07
5.033870301458623e-07
4.53628425970678e-07
4.64102395156886e-07
4.850548323583215e-07
For array: 1, 7
Max: 1.4777368647766387, Min: 0.7719450619019935
Difference: 
4.7144809194091576e-07
4.688282374909058e-07
4.672529494851437e-07
5.028777386049855e-07
4.5940150614091744e-07
4.6935204129408825e-07
4.787802242868496e-07
4.6935247384532785e-07
4.808756417965531e-07
For array: 1, 8
Max: 1.658374808302506, Min: 0.6881798622322636
Difference: 
4.798430234591005e-07
4.6989054603328115e-07
4.79319212083196e-07
4.6989060224891794e-07
4.793191466836403e-07
4.714619083468303e-07
4.777478176921426e-07
4.704144497442099e-07
4.787952579939309e-07
4.835085338797793e-07
For array: 1, 9
Max: 1.792473978646046, Min: 0.6372084099734474
Difference: 
4.788085618479907e-07
4.7409392787835594e-07
4.7514214005022385e-07
4.704276228510335e-07
4.788084022651977e-07
4.861406938849957e-07
4.636194186533771e-07
4.7042736811480636e-07
4.7304323500631017e-07
4.761927788823208e-07
For array: 1, 10
Max: 1.857873881279091, Min: 0.61445404733459
Difference: 
4.7829183087481e-07
4.803863392771756e-07
4.6886386127888746e-07
4.709585422113038e-07
4.78291628421032e-07
4.924332911739775e-07
4.5734102567174404e-07
4.704345837605106e-07
4.788155290518285e-07
4.7095848583432606e-07
For array: 2, 0
Max: -0.5382621211989026, Min: -1.7732871544338231
Difference: 
4.56805492705995e-07
4.5732451092058846e-07
4.625719629504442e-07
4.6361461654605374e-07
4.5680558842262874e-07
4.636147627526964e-07
4.667567625568534e-07
4.536635606179308e-07
4.5628150691706967e-07
4.636145865135843e-07
For array: 2, 1
Max: -0.5594005680393596, Min: -1.706004402896303
Difference: 
4.5575094623916455e-07
4.625590786823905e-07
4.578474067263334e-07
4.641316926248167e-07
4.562747687822194e-07
4.6360768048233445e-07
4.7146377971806547e-07
4.4894279984607155e-07
4.5627484197509743e-07
4.64131711495897e-07
For array: 2, 2
Max: -0.6084985843469649, Min: -1.5682375190652613
Difference: 
4.5626210589149476e-07
4.6411894049510444e-07
4.5573822411956367e-07
4.567817494984382e-07
4.6307540003592815e-07
4.646426104995033e-07
4.808780469496536e-07
4.395029568934964e-07
4.651655447627326e-07
4.546913717149858e-07
For array: 2, 3
Max: -0.6905753967530465, Min: -1.3812643484001528
Difference: 
4.5467641942470706e-07
4.656759332094347e-07
4.552000743576382e-07
4.646282976344349e-07
4.546764581868017e-07
4.572923777276238e-07
4.6358360300034773e-07
4.6515222198438317e-07
4.792923067347558e-07
4.410600076613881e-07
For array: 2, 4
Max: -0.8112725397393961, Min: -1.1760445805911173
Difference: 
4.525697832785121e-07
4.677602520962726e-07
4.4995092658630604e-07
4.698552263762092e-07
4.49950988087983e-07
4.698551551785613e-07
4.5099857116729706e-07
4.583300893659586e-07
4.614761005824773e-07
4.693313863046981e-07
For array: 2, 5
Max: 0.9998838360305119, Min: 0.9537982990163871
Difference: 
5.033748736329353e-07
4.017563488148987e-07
5.033752282679538e-07
5.018035688195188e-07
4.028042011336983e-07
5.02326997412407e-07
4.028045566932611e-07
5.018028200859752e-07
4.117094721157922e-07
9.166441468552683e-08
For array: 2, 6
Max: 1.175828899846524, Min: 0.8117196575353246
Difference: 
4.483764439384564e-07
5.033792457080299e-07
4.384296161447757e-07
4.661875055348962e-07
4.5361864741122324e-07
4.515222309893783e-07
4.6828391233501965e-07
4.5099852825805384e-07
4.698553530071232e-07
4.4995083772545174e-07
For array: 2, 7
Max: 1.3816891481164915, Min: 0.6904879160107072
Difference: 
4.604364952116061e-07
4.588682769722592e-07
4.661997971722688e-07
4.829584758215386e-07
4.3686989824856e-07
4.6829370617489797e-07
4.520586243138936e-07
4.5415246693559657e-07
4.656758834744125e-07
4.546763438882304e-07
For array: 2, 8
Max: 1.5682050122781725, Min: 0.6085265249441641
Difference: 
4.6411891951629194e-07
4.5573825466689455e-07
4.599261496202324e-07
4.599310096380138e-07
4.646425904597067e-07
4.5573829908713963e-07
4.646427166659294e-07
4.683080442323676e-07
4.5154888326977514e-07
4.562620936769951e-07
For array: 2, 9
Max: 1.7060291758140111, Min: 0.5594843291019694
Difference: 
4.6413173927793975e-07
4.562747670748157e-07
4.636077182989977e-07
4.5679876353064314e-07
4.6360785758819335e-07
4.562748492052021e-07
4.641317496112268e-07
4.782722203970587e-07
4.4161019673482254e-07
4.630836868106666e-07
For array: 2, 10
Max: 1.7732723609866818, Min: 0.5383614845629425
Difference: 
4.6309095740572744e-07
4.56805540763663e-07
4.636148529160551e-07
4.562816194064616e-07
4.583725480471201e-07
4.6204765495130805e-07
4.63614689458091e-07
4.568054890226085e-07
4.636148269389736e-07
4.672804236947148e-07
For array: 3, 0
Max: -0.4082244274061084, Min: -1.6810414933143913
Difference: 
4.3741466635960126e-07
4.436999321692959e-07
4.3741487637414377e-07
4.436997005080087e-07
4.3793881458382725e-07
4.4370006614866245e-07
4.567927774557075e-07
4.2432173944323803e-07
4.3793868962326264e-07
4.437001309704371e-07
For array: 3, 1
Max: -0.4255914681193341, Min: -1.6126622723878727
Difference: 
4.3793217427164686e-07
4.436936198931234e-07
4.3740810041079636e-07
4.436934013556526e-07
4.3793202433081527e-07
4.4316945172625334e-07
4.5940505390805893e-07
4.2222067153591486e-07
4.37408201236012e-07
4.4369322445569575e-07
For array: 3, 2
Max: -0.4656905838697931, Min: -1.4736390290970558
Difference: 
4.3739609620845265e-07
4.4368095868570244e-07
4.373962433563987e-07
4.4420496068205434e-07
4.394908266499857e-07
4.4158619439573616e-07
4.3739610967690427e-07
4.4420505438774017e-07
4.373958330019853e-07
4.4368115101616605e-07
For array: 3, 3
Max: -0.5322942150436469, Min: -1.2889957061598536
Difference: 
4.447191268558912e-07
4.447148662004804e-07
4.368584499631302e-07
4.441910405938432e-07
4.420957401542076e-07
4.394777698979726e-07
4.3685834946326434e-07
4.4419111817110075e-07
4.368584618657625e-07
4.4419099827303904e-07
For array: 3, 4
Max: -0.6228252469614836, Min: -1.100297260492103
Difference: 
4.3527637460104954e-07
4.452279029255227e-07
4.358003572527284e-07
4.462756734058997e-07
4.352763063194137e-07
4.4627579930186164e-07
4.488931748412177e-07
4.3213500571497065e-07
4.342287808412416e-07
4.39988477899973e-07
For array: 3, 5
Max: 0.9997534542472387, Min: 0.6856478110299333
Difference: 
4.4889314603823197e-07
4.488906788292081e-07
4.326532871784734e-07
4.4889076152752185e-07
4.331769390125812e-07
4.473193745891717e-07
4.5726934949515845e-07
4.0174855481739956e-07
4.5413190712034923e-07
4.48890520242417e-07
For array: 3, 6
Max: 1.1006208575437664, Min: 0.6229284718049699
Difference: 
4.410365023976263e-07
4.4051548627801116e-07
4.4627579720872654e-07
4.3370499663222083e-07
4.4732319746363906e-07
4.447033970150345e-07
4.3632478914363687e-07
4.3475258077374e-07
4.352733539628538e-07
4.457548856669298e-07
4.4627553492402215e-07
For array: 3, 7
Max: 1.2886131362247253, Min: 0.5320715985386326
Difference: 
4.216711675729643e-07
4.363347903763872e-07
4.4523873316466044e-07
4.363345834982654e-07
4.447149060392403e-07
4.368583980231262e-07
4.441910796166623e-07
4.5361752511011145e-07
4.279559724307471e-07
4.3633458956452074e-07
4.426187410461725e-07
For array: 3, 8
Max: 1.4733293340106548, Min: 0.46559708588334786
Difference: 
4.190663878067201e-07
4.368722442316502e-07
4.442048048769186e-07
4.3739611665544546e-07
4.4420508400457095e-07
4.373958173743223e-07
4.4368119996392706e-07
4.567736404643889e-07
4.2430335714828424e-07
4.3739614636152513e-07
4.442049943369184e-07
For array: 3, 9
Max: 1.6127431417797358, Min: 0.4256299269630141
Difference: 
4.4316951411877604e-07
4.3793220928029466e-07
4.4369358118044787e-07
4.374081355983837e-07
4.4369336063757116e-07
4.3793206050406286e-07
4.436936850214163e-07
4.379317392945533e-07
4.4316970567179195e-07
4.374082418346671e-07
4.4369317928572583e-07
For array: 3, 10
Max: 1.6813198635156603, Min: 0.4083210681480663
Difference: 
4.43176398160386e-07
4.374146885164731e-07
4.4369990620417873e-07
4.379386263188486e-07
4.4317594279187525e-07
4.400337601485523e-07
4.4160511292191876e-07
4.3793847079400453e-07
4.431760381449675e-07
4.3793871404250084e-07
4.437001023406413e-07
For array: 4, 0
Max: -0.22265886351326677, Min: -1.6122736001727904
Difference: 
4.169812759025196e-07
4.2117091999687567e-07
4.2483663359907734e-07
4.133155260537433e-07
4.1698091368110776e-07
4.211712134672369e-07
4.169807609766117e-07
4.211713258823656e-07
4.237887680360065e-07
4.143632829229307e-07
For array: 4, 1
Max: -0.2325123119847463, Min: -1.5438244673486694
Difference: 
4.1697457484938847e-07
4.211651700589165e-07
4.253535825445212e-07
4.122613694223141e-07
4.1697534548765573e-07
4.2116434198824225e-07
4.1697522115306753e-07
4.211644319091761e-07
4.2483057524162864e-07
4.1330904713782266e-07
For array: 4, 2
Max: -0.2551325690307043, Min: -1.4066881194007526
Difference: 
4.169633657758435e-07
4.2115319857257187e-07
4.263896590009702e-07
4.1172688352326034e-07
4.16963179917783e-07
4.2115334468508114e-07
4.1696310005976915e-07
4.211533999118648e-07
4.253420415706545e-07
4.127744368298548e-07
For array: 4, 3
Max: -0.2914101398015914, Min: -1.2315469536621888
Difference: 
4.164265013813528e-07
4.2166380439868053e-07
4.242816653126964e-07
4.138086296523507e-07
4.1642640166416647e-07
4.2166388250801117e-07
4.164263580850879e-07
4.2166391027021735e-07
4.2323417127892753e-07
4.148560835815678e-07
For array: 4, 4
Max: -0.33510350821875096, Min: -1.069989725066326
Difference: 
4.164160518538072e-07
4.2112964830077055e-07
4.164164777155172e-07
4.216533691596586e-07
4.1694012425680985e-07
4.2112971432855443e-07
4.15892722032248e-07
4.2217710455105583e-07
4.15892684090161e-07
4.2217713734464535e-07
For array: 4, 5
Max: 0.9997513493778623, Min: 0.3585801186813263
Difference: 
4.153648408074646e-07
4.2269728680484054e-07
4.153648111165314e-07
4.221732297218702e-07
4.1588885639122454e-07
4.2217325570236864e-07
4.158888219589007e-07
4.221732876143142e-07
4.1641247650979937e-07
4.2164962531125267e-07
For array: 4, 6
Max: 1.0699187098393663, Min: 0.33513916813362415
Difference: 
4.1589252100464014e-07
4.2217733306709655e-07
4.158924773140519e-07
4.2217736603177815e-07
4.158924376979184e-07
4.221774012316534e-07
4.158924042992293e-07
4.2217742467377004e-07
4.1641604781950885e-07
4.2165376949172976e-07
For array: 4, 7
Max: 1.230942212661334, Min: 0.2914731320703027
Difference: 
4.1695023193893854e-07
4.211400741399507e-07
4.3004221180829774e-07
4.0804808134106224e-07
4.1642645252194697e-07
4.2166383151091366e-07
4.1642641059945224e-07
4.216638567437071e-07
4.2951840364785974e-07
4.085718490306597e-07
For array: 4, 8
Max: 1.4063076917861081, Min: 0.25515747813630935
Difference: 
4.169630636274727e-07
4.211534986029138e-07
4.2848411355193204e-07
4.091078637931666e-07
4.16963754105113e-07
4.2115276866167976e-07
4.169636760294627e-07
4.2115282210834446e-07
4.279610627042261e-07
4.101554131261095e-07
For array: 4, 9
Max: 1.5432557908189521, Min: 0.23254243379623218
Difference: 
4.16974749037907e-07
4.21164993032072e-07
4.295433440555535e-07
4.085963658196539e-07
4.1697445906138e-07
4.206404634869641e-07
4.1749909948898496e-07
4.2064055073979156e-07
4.2902034258172606e-07
4.0911927559787033e-07
For array: 4, 10
Max: 1.6116147530804634, Min: 0.2227006635396115
Difference: 
4.1698149399203835e-07
4.211706987302599e-07
4.3059759665131256e-07
4.0755455780105254e-07
4.169811353564343e-07
4.211709886276257e-07
4.169809863277385e-07
4.2117109737135064e-07
4.2954973812270086e-07
4.086023076540261e-07
For array: 5, 0
Max: 0.0004640139744622443, Min: -1.5865520508066269
Difference: 
3.962285471289383e-07
3.99322863747333e-07
3.9588010050972083e-07
3.993675582071332e-07
3.958353892603826e-07
3.995032231144495e-07
3.962233842250658e-07
3.9930712768679194e-07
3.958957862448633e-07
3.993837996360194e-07
3.9581909750644504e-07
For array: 5, 1
Max: 0.0005453798423721036, Min: -1.518597494643177
Difference: 
3.9622014958555625e-07
3.993169855559432e-07
3.9587420933191434e-07
3.993750217887218e-07
3.958161577217747e-07
3.9952095025856583e-07
3.961938827846919e-07
3.992999829905325e-07
3.9589116580661415e-07
3.9942794636184007e-07
3.9576318705993273e-07
For array: 5, 2
Max: 0.0003511732097394991, Min: -1.383209454452649
Difference: 
3.962037368889362e-07
3.99304825300658e-07
3.9586445778017454e-07
3.9939335060968135e-07
3.9577591971292866e-07
3.9954050511139205e-07
3.9615240693221995e-07
3.9902630975235324e-07
3.9614293508884476e-07
3.9980602201730573e-07
3.9588686461045547e-07
For array: 5, 3
Max: 0.0003826723079131271, Min: -1.2127099831388757
Difference: 
3.9618174945611854e-07
3.9928616697356605e-07
3.958584323089763e-07
3.9942101187657664e-07
3.9572357759986254e-07
3.995425887182586e-07
3.961256291782742e-07
3.9932254194907295e-07
3.9582202794394585e-07
3.997861110537977e-07
3.95882087313164e-07
For array: 5, 4
Max: 0.0004956170053292375, Min: -1.0616762812118665
Difference: 
3.96152004041116e-07
3.992532424226047e-07
3.958722007977359e-07
3.9946138868369224e-07
3.9618767261612825e-07
3.9923856213248934e-07
3.958868660803812e-07
3.994071838156083e-07
3.957182368829395e-07
3.9956895326222095e-07
3.960800855835625e-07
For array: 5, 5
Max: 0.9991013083212186, Min: 0.0006658340659180629
Difference: 
3.9611747330077745e-07
3.9978037413180143e-07
3.9586149985639995e-07
3.990103085115535e-07
3.9610793799500177e-07
3.997759458574983e-07
3.95865914878339e-07
3.9902578267212027e-07
3.960924505424359e-07
3.9977185992110307e-07
3.95346366637594e-07
For array: 5, 6
Max: 1.0616754996366589, Min: -0.000531486943790414
Difference: 
3.958494552556584e-07
3.9947923307812523e-07
3.9616983653856935e-07
3.9924534177980666e-07
3.958800947727506e-07
3.9942717849701697e-07
3.956982505421088e-07
3.9975989545749294e-07
3.9588915170784513e-07
3.993678309265934e-07
3.957575831096252e-07
For array: 5, 7
Max: 1.2127117665754752, Min: -0.00037453437337720664
Difference: 
3.958439967105459e-07
3.99439087355325e-07
3.9570551322399454e-07
3.9953472216722686e-07
3.961335068046505e-07
3.9935416575672484e-07
3.957904152371465e-07
3.997902549114286e-07
3.95877954529029e-07
3.9902058645820993e-07
3.9612397495170445e-07
For array: 5, 8
Max: 1.3832074538911365, Min: -0.000318018930344765
Difference: 
3.9585274693455003e-07
3.994125409975432e-07
3.957567429473738e-07
3.9953192227840164e-07
3.961610033556554e-07
3.993069721940845e-07
3.958622862719307e-07
3.9951005419735147e-07
3.9618284602413953e-07
3.9926935768094784e-07
3.958998753084195e-07
For array: 5, 9
Max: 1.5185929112463905, Min: -0.0004841410797472021
Difference: 
3.958634251905431e-07
3.9939645923955363e-07
3.957947362109981e-07
3.995186259489518e-07
3.9619622299173473e-07
3.9930953386854747e-07
3.95881630860574e-07
3.9942240790669076e-07
3.957687414427404e-07
3.995697242179164e-07
3.9614507873700056e-07
For array: 5, 10
Max: 1.586546558028438, Min: -0.00039157316177885
Difference: 
3.9586954633452127e-07
3.9938996052399824e-07
3.958130042481379e-07
3.9950659947450686e-07
3.962200251265241e-07
3.9931383015581946e-07
3.9588910107778987e-07
3.993847564507072e-07
3.958181579928376e-07
3.9982551207592907e-07
3.95901062319642e-07
For array: 6, 0
Max: -0.2218810229642075, Min: -1.6116248958407535
Difference: 
3.769196976499417e-07
3.8006120337239036e-07
3.763964945108224e-07
3.800620411960797e-07
3.7691930113096206e-07
3.800616350117592e-07
3.7691969004479386e-07
3.800612551919814e-07
3.763963962379976e-07
3.8058457328121245e-07
3.7639672253076533e-07
3.80061884235494e-07
For array: 6, 1
Max: -0.23170521024795437, Min: -1.5432665106127896
Difference: 
3.7691372229608546e-07
3.8005603169008815e-07
3.769141107700011e-07
3.800556495773672e-07
3.763908349969437e-07
3.800564724940714e-07
3.7691364304522583e-07
3.800561456658086e-07
3.769139532505683e-07
3.8005585571929236e-07
3.7691423312352875e-07
3.800555838771334e-07
For array: 6, 2
Max: -0.2543179723563058, Min: -1.4062492990435742
Difference: 
3.7690382976404184e-07
3.800451496160594e-07
3.763804827854967e-07
3.795231720568913e-07
3.7742607625692004e-07
3.800455838680953e-07
3.769036523476192e-07
3.800453465867225e-07
3.7690387489657084e-07
3.800451377658257e-07
3.7638044982852446e-07
For array: 6, 3
Max: -0.290478589571636, Min: -1.230838196442323
Difference: 
3.7584516278324183e-07
3.8055737020421546e-07
3.7689180517837113e-07
3.8003360530141837e-07
3.763683640165361e-07
3.805570574618771e-07
3.7636850084781474e-07
3.805569184565457e-07
3.7636862928807244e-07
3.8055679926698976e-07
3.7636874227827893e-07
3.80556686202036e-07
For array: 6, 4
Max: -0.33400454693699494, Min: -1.0698579427586306
Difference: 
3.7583594947516344e-07
3.8107111764361564e-07
3.758360377362182e-07
3.81071028997362e-07
3.7635970276170967e-07
3.8002431525532196e-07
3.7583568182441294e-07
3.810713879629436e-07
3.7583575586363274e-07
3.810713192510096e-07
3.7583581223228667e-07
3.810712600802157e-07
For array: 6, 5
Max: 0.9992667182091068, Min: 0.35788071145598754
Difference: 
3.7530918883295156e-07
3.763596660060237e-07
3.8054048110719455e-07
3.810676955952317e-07
3.7583244708572136e-07
3.8106762881536104e-07
3.925864240296298e-07
3.6431365674983934e-07
3.7583256512216474e-07
3.810675156118306e-07
3.8682737342372434e-07
3.7007270947865076e-07
For array: 6, 6
Max: 1.0702008889452923, Min: 0.33421963284954026
Difference: 
3.810715759644238e-07
3.7583549169778983e-07
3.763595188627359e-07
3.805475498597793e-07
3.7583602704358027e-07
3.8107104290837066e-07
3.758361123047997e-07
3.805479070087768e-07
3.768828035199568e-07
3.8002426946169777e-07
3.7635929821075435e-07
3.8054777766702064e-07
For array: 6, 7
Max: 1.2313251788908204, Min: 0.2905302805725332
Difference: 
3.931237541351396e-07
3.6380165766323335e-07
3.76368737473893e-07
3.8003379668343187e-07
3.878873632926187e-07
3.69038056423332e-07
3.7689191728340574e-07
3.8003350454807876e-07
3.8212803830735053e-07
3.747973886827319e-07
3.7636856456215904e-07
3.8055686625591007e-07
For array: 6, 8
Max: 1.4065581902896171, Min: 0.2543061104021179
Difference: 
3.7690350465530804e-07
3.800454736483158e-07
3.7690379163560297e-07
3.8004519067681404e-07
3.8947107940726027e-07
3.67477914686934e-07
3.763806771464541e-07
3.8004565975131134e-07
3.842343234587998e-07
3.7271468672813997e-07
3.7690376910841615e-07
3.8004524824544006e-07
For array: 6, 9
Max: 1.5436510445724232, Min: 0.2316914218208423
Difference: 
3.941947089848745e-07
3.6277504293014513e-07
3.7639114294333314e-07
3.800561428926606e-07
3.8895784173254973e-07
3.680119368346775e-07
3.7691432851658256e-07
3.800554608073187e-07
3.8319838552863025e-07
3.732489452732525e-07
3.7691375338937084e-07
3.800560644161488e-07
For array: 6, 10
Max: 1.612072595268803, Min: 0.2218439755677747
Difference: 
3.936765747490307e-07
3.633043239763357e-07
3.7639639064333713e-07
3.8006214541297407e-07
3.8843962358618556e-07
3.685413084126468e-07
3.7691959358081427e-07
3.80061352445984e-07
3.826801654484668e-07
3.743007994837003e-07
3.763966335598594e-07
3.8006197399250237e-07
For array: 7, 0
Max: -0.40736842573734416, Min: -1.680906463916964
Difference: 
3.63836188938254e-07
3.606941477787425e-07
3.643593379001645e-07
3.669784094632465e-07
3.5755216248933716e-07
3.60170747412428e-07
3.643598293003779e-07
3.606941314166879e-07
3.643593668620098e-07
3.601709249397851e-07
3.64359668392538e-07
3.6069424978982645e-07
3.643592679956525e-07
For array: 7, 1
Max: -0.424658081418527, Min: -1.6125765334362838
Difference: 
3.6383057602822755e-07
3.606889980100067e-07
3.6383080528847227e-07
3.654014840108613e-07
3.5964129431651545e-07
3.606891873242288e-07
3.638306210374357e-07
3.601652952237094e-07
3.6487748782369747e-07
3.601656803846207e-07
3.6435414314996427e-07
3.601653687750327e-07
3.643544571863673e-07
For array: 7, 2
Max: -0.46503584727335917, Min: -1.473565978330516
Difference: 
3.648676102660709e-07
3.601554565138439e-07
3.6434422133638924e-07
3.6172606531941874e-07
3.6329668890155374e-07
3.601555447920777e-07
3.6434413415104446e-07
3.601553050369272e-07
3.6120592239303654e-07
3.6381711098812856e-07
3.6434410320428873e-07
3.7848169280666837e-07
3.465410693608155e-07
For array: 7, 3
Max: -0.5315950141595139, Min: -1.2889148193955904
Difference: 
3.653793400950789e-07
3.7951688726474654e-07
3.4496005106307506e-07
3.596207982443893e-07
3.648561407882872e-07
3.601442007396554e-07
3.648559374910011e-07
3.5962082108692205e-07
3.591009330959362e-07
3.653758195439082e-07
3.6537951656234787e-07
3.758516726219442e-07
3.4862527364454043e-07
For array: 7, 4
Max: -0.6221184771414029, Min: -1.1002586580937335
Difference: 
3.564747794771652e-07
3.6903151623757777e-07
3.664173421947442e-07
3.7113025191614774e-07
3.5332909644911016e-07
3.585652883934846e-07
3.658940544583079e-07
3.5856516302479455e-07
3.6641748326719993e-07
3.580417235665304e-07
3.669409232561675e-07
3.580418073700479e-07
3.6694083717537017e-07
For array: 7, 5
Max: 0.9998525742065638, Min: 0.6847653802101237
Difference: 
3.6484439588386807e-07
3.5960833271546836e-07
3.564681972989078e-07
3.6850788778708257e-07
3.5699176988282203e-07
3.6746094570172314e-07
3.569916876213628e-07
3.679843928386103e-07
3.8159657589499475e-07
3.428561360106674e-07
3.611796974291649e-07
3.6431973239265404e-07
For array: 7, 6
Max: 1.1004366971827932, Min: 0.6221567469674385
Difference: 
3.5856532318598884e-07
3.6589402780000705e-07
3.5856520646326925e-07
3.622309746027745e-07
3.6275178417597994e-07
3.6589403971252945e-07
3.7793595812331276e-07
3.4704669392872345e-07
3.580417241240441e-07
3.669409225967464e-07
3.5856535370783435e-07
3.658939783047109e-07
For array: 7, 7
Max: 1.2886581923408618, Min: 0.5315500320794556
Difference: 
3.596207678443639e-07
3.6485616795576097e-07
3.601441747099886e-07
3.648559602894843e-07
3.5962080075030663e-07
3.648561413248322e-07
3.5962061359015246e-07
3.6537953122345057e-07
3.700923248000194e-07
3.5438462254556573e-07
3.596205968014868e-07
3.6537954601902865e-07
For array: 7, 8
Max: 1.4731900047576887, Min: 0.4649318016570674
Difference: 
3.5963209884226223e-07
3.6486757583092175e-07
3.6015550814822095e-07
3.6434416892222e-07
3.60155288052822e-07
3.6486746981901833e-07
3.6015558097430237e-07
3.643441044105513e-07
3.6853309692167067e-07
3.5648966347294654e-07
3.601555858750245e-07
3.643440994849247e-07
For array: 7, 9
Max: 1.612380204675606, Min: 0.42479149878080674
Difference: 
3.601652562964216e-07
3.648775147657509e-07
3.6016570759602317e-07
3.6435409361494155e-07
3.6016547256322256e-07
3.6435433952760784e-07
3.6068884271937636e-07
3.643539450720973e-07
3.648783019863411e-07
3.5964151680016254e-07
3.606889237340264e-07
3.643538688724179e-07
For array: 7, 10
Max: 1.6810335914429242, Min: 0.40743364663259507
Difference: 
3.601708229050215e-07
3.6435973963043934e-07
3.6069425726515437e-07
3.638363092234292e-07
3.606940184118667e-07
3.6435947894201247e-07
3.606944745860937e-07
3.638361107505713e-07
3.6331241082320665e-07
3.617410957639987e-07
3.6017095237043635e-07
3.6435964182505147e-07
For array: 8, 0
Max: -0.5388231720118138, Min: -1.7699375843054241
Difference: 
3.324267551198631e-07
3.4813652423787717e-07
3.5232529388855265e-07
3.486603196379019e-07
3.518015042022663e-07
3.4813679730381703e-07
3.518019622891367e-07
3.4865997302406136e-07
3.5180185782427447e-07
3.481364121052278e-07
3.5232542263459083e-07
3.4813648171386644e-07
3.523253548244564e-07
For array: 8, 1
Max: -0.5600416307549584, Min: -1.703170513817361
Difference: 
3.3608717089917184e-07
3.476079551632347e-07
3.5232033523097865e-07
3.486548050654475e-07
3.517965945297148e-07
3.481312544582272e-07
3.523201456472303e-07
3.4865496131817494e-07
3.517964398534582e-07
3.481313754717297e-07
3.5232002671654457e-07
3.481314093351557e-07
3.5231999445823413e-07
For array: 8, 2
Max: -0.6091804999345882, Min: -1.5679099395464327
Difference: 
3.4340889940012e-07
3.6016481357687603e-07
3.402671700599264e-07
3.638301517058169e-07
3.366018361477782e-07
3.669718705911109e-07
3.3346011991197256e-07
3.475983093804893e-07
3.528336811865691e-07
3.4759834026661567e-07
3.52833649771917e-07
3.475983596121333e-07
3.528336311852647e-07
For array: 8, 3
Max: -0.6911494359433675, Min: -1.3818582905172931
Difference: 
3.53869776506632e-07
3.486347530001293e-07
3.517754583176134e-07
3.5229978245942797e-07
3.4811042514618594e-07
3.5544123089054003e-07
3.4496897296453354e-07
3.591062454974851e-07
3.413039550579384e-07
3.6224767917306064e-07
3.381625171953985e-07
3.659126794724353e-07
3.344975154070361e-07
For array: 8, 4
Max: -0.8118078764050929, Min: -1.1756159332395195
Difference: 
3.559548158985375e-07
3.444384661834483e-07
3.554314338479122e-07
3.449618390514484e-07
3.554314311567083e-07
3.444383090221575e-07
3.559549548387362e-07
3.470559157163598e-07
3.533373420614715e-07
3.501970427519299e-07
3.5071958441352676e-07
3.533383139753356e-07
3.470549311765993e-07
For array: 8, 5
Max: 0.9992492114104493, Min: 0.9530428676533234
Difference: 
4.0253935458166816e-07
3.009882969978125e-07
4.0306291695506094e-07
3.0098817679319834e-07
4.025395639688564e-07
3.0098807440378643e-07
4.030631251060375e-07
3.0098795556858504e-07
4.025397714955108e-07
3.009878534724568e-07
3.339657863434243e-07
3.7008528190119005e-07
3.3030163582783086e-07
For array: 8, 6
Max: 1.1751196981821628, Min: 0.8112518207600751
Difference: 
3.449619352601414e-07
3.5543134516898043e-07
3.444384103538652e-07
3.5595486382443847e-07
3.4443840577282917e-07
3.5595486231261616e-07
3.444383983472731e-07
3.5543148742890106e-07
3.449617635110806e-07
3.5543149214879734e-07
3.454852730612995e-07
3.559547280089241e-07
3.4443850461023595e-07
For array: 8, 7
Max: 1.380539071211862, Min: 0.6901105264874228
Difference: 
3.4758764600352857e-07
3.5282256762209673e-07
3.470640945639575e-07
3.533461167860799e-07
3.4706410771240146e-07
3.533460998901394e-07
3.470641138612205e-07
3.5334608999545797e-07
3.4654053959409427e-07
3.5386966051275496e-07
3.465405316785269e-07
3.5386966466620685e-07
3.465405174123385e-07
For array: 8, 8
Max: 1.5666187557197484, Min: 0.6078397767834717
Difference: 
3.5283033881190763e-07
3.5074075830641695e-07
3.4916767491602635e-07
3.528338672446756e-07
3.47598175370119e-07
3.528338166666078e-07
3.4759822075476244e-07
3.528337718826634e-07
3.481218656477796e-07
3.523101271664136e-07
3.475982757400163e-07
3.528337164833375e-07
3.4759828663031257e-07
For array: 8, 9
Max: 1.7036138301810604, Min: 0.5585867754150925
Difference: 
3.4813120606023957e-07
3.5232019066600207e-07
3.4865495305377495e-07
3.4656536045967643e-07
3.5336249155344886e-07
3.50227561442728e-07
3.5022391133232795e-07
3.523199204468114e-07
3.4760789782404365e-07
3.528435054989058e-07
3.476079339206856e-07
3.528434702395576e-07
3.481315897335291e-07
For array: 8, 10
Max: 1.7709960466697712, Min: 0.5373509426034968
Difference: 
3.481366914233592e-07
3.523251253123705e-07
3.481368410763594e-07
3.518019126686873e-07
3.4813639150018934e-07
3.4709474869487707e-07
3.5336719061146934e-07
3.5075612165990183e-07
3.4970580071457953e-07
3.5232523497079743e-07
3.4813667195074857e-07
3.523251652652879e-07
3.481367249129193e-07
For array: 9, 0
Max: -0.6138257662223497, Min: -1.8579094631598014
Difference: 
3.4290816476602124e-07
3.402902763287021e-07
3.439555644386869e-07
3.4029016707693045e-07
3.4134006549716745e-07
3.4290564067788307e-07
3.444789365497465e-07
3.397667441194208e-07
3.4447910605416613e-07
3.402902078865467e-07
3.4395564074430355e-07
3.5809436661750153e-07
3.2667460097600214e-07
3.397666903234766e-07
For array: 9, 1
Max: -0.6361483547538027, Min: -1.7919854766893035
Difference: 
3.444737306003611e-07
3.559947757117097e-07
3.282408546001045e-07
3.3976167219140996e-07
3.44473954722971e-07
3.4028517288304344e-07
3.4395045887549926e-07
3.4028499931937573e-07
3.44473789033293e-07
3.397616455697057e-07
3.4447398609619003e-07
3.533762055543736e-07
3.3138257809935953e-07
3.3976172847029703e-07
For array: 9, 2
Max: -0.6872349835644476, Min: -1.6580424951264876
Difference: 
3.4446450092633876e-07
3.4603549295298285e-07
3.387044253966846e-07
3.3975235245412683e-07
3.444643405469072e-07
3.3975221878254304e-07
3.449876928098464e-07
3.39228847032392e-07
3.449878514549348e-07
3.397522889968526e-07
3.444644057318303e-07
3.4289381012340246e-07
3.4184610064313496e-07
3.3922870304021004e-07
For array: 9, 3
Max: -0.7712911074025227, Min: -1.4769853261251542
Difference: 
3.4550050030421287e-07
3.392183621632015e-07
3.449770262439264e-07
3.4707195189386226e-07
3.376467332343308e-07
3.3869483571597306e-07
3.4550053769084437e-07
3.392182988885445e-07
3.455003729003943e-07
3.3869486711722507e-07
3.4550050532021185e-07
3.3921829832017947e-07
3.455003703330057e-07
3.428834829471613e-07
For array: 9, 4
Max: -0.8897233084950965, Min: -1.2801282219846908
Difference: 
3.371182983225723e-07
3.475839889853077e-07
3.4706254767532583e-07
3.3711619208500653e-07
3.475860020229344e-07
3.371162568774948e-07
3.47062542293039e-07
3.5020450549285775e-07
3.3449766978037595e-07
3.365927248062252e-07
3.334546224087766e-07
3.51247614379687e-07
3.4810936310362376e-07
For array: 9, 5
Max: 1.14411771177155, Min: 0.9958848187505039
Difference: 
3.5491130486611317e-07
3.41301605513317e-07
3.433944250901158e-07
3.601473764173063e-07
3.009938735399412e-07
3.512456181555108e-07
3.5281764760067087e-07
3.329253758807881e-07
3.5491127234807633e-07
3.2926126076683845e-07
3.5491130482978154e-07
3.3763711000834677e-07
3.481057626467796e-07
For array: 9, 6
Max: 1.280419733883783, Min: 0.8899160396234387
Difference: 
3.365927293287126e-07
3.433989913894831e-07
3.413032910147495e-07
3.4810938208439206e-07
3.365928862553708e-07
3.4706253348171734e-07
3.3711618714641015e-07
3.475859939525129e-07
3.559634478350573e-07
3.282153382796251e-07
3.371161921934725e-07
3.3973517774327345e-07
3.444435206687621e-07
3.481094320098294e-07
For array: 9, 7
Max: 1.4772821789720139, Min: 0.7713580627638739
Difference: 
3.4497777214167375e-07
3.392176169491865e-07
3.3869471152218704e-07
3.4602397373104596e-07
3.3869488201299994e-07
3.45500492415137e-07
3.386947659238603e-07
3.455006140678675e-07
3.3869462732351907e-07
3.460240495462029e-07
3.4183624195485126e-07
3.42359123306844e-07
3.6120857204495055e-07
For array: 9, 8
Max: 1.6578873637657978, Min: 0.687213938533258
Difference: 
3.392287748760879e-07
3.4498792604515524e-07
3.470829179463663e-07
3.3713377897864625e-07
3.3975213702804783e-07
3.4498777687197955e-07
3.3922877571619257e-07
3.4498791458966926e-07
3.397522372959503e-07
3.4498768202077907e-07
3.397524509631851e-07
3.444642430913388e-07
3.43417584664595e-07
For array: 9, 9
Max: 1.7918548656088584, Min: 0.6360010054587143
Difference: 
3.3976152647493857e-07
3.4447410978697677e-07
3.4028503112620596e-07
3.4447375717260523e-07
3.559947211728975e-07
3.28240908321916e-07
3.397615902310311e-07
3.4447403528773517e-07
3.402850645441907e-07
3.444737218870469e-07
3.397617103624682e-07
3.4447392537544736e-07
3.402851284655363e-07
For array: 9, 10
Max: 1.8572438609891795, Min: 0.6134812213844376
Difference: 
3.402900238158881e-07
3.44478943713399e-07
3.3976677528463005e-07
3.44479069765465e-07
3.5181076283981457e-07
3.324350804217671e-07
3.4029016094251075e-07
3.4395568056300053e-07
3.402899965184554e-07
3.4447896993019304e-07
3.402903398741801e-07
3.4395551281615943e-07
3.4029011409125793e-07
For array: 10, 0
Max: -0.6453599876814773, Min: -1.902943997953988
Difference: 
3.4029465812435793e-07
3.371526101193263e-07
3.402942069557596e-07
3.3662938010118777e-07
3.402942997790538e-07
3.366292546038052e-07
3.4029443522388836e-07
3.366290868858649e-07
3.4029459771278006e-07
3.3662893992755987e-07
3.4081787737161e-07
3.361056285771324e-07
3.4081805651466785e-07
3.3662908026043713e-07
For array: 10, 1
Max: -0.6678567326345943, Min: -1.8381855670375464
Difference: 
3.4081287830930044e-07
3.5128646393595314e-07
3.256271292040218e-07
3.366241698787556e-07
3.4028942077050426e-07
3.3610039409342413e-07
3.413363808119453e-07
3.3610070574654516e-07
3.4081289250654513e-07
3.3610055043960643e-07
3.408130415772686e-07
3.366240305623075e-07
3.4081273118401865e-07
3.3610065960683474e-07
For array: 10, 2
Max: -0.7191305490042177, Min: -1.7075360848746155
Difference: 
3.413270489866832e-07
3.3975668404588823e-07
3.3713817633904433e-07
3.366148385402407e-07
3.4080324571052575e-07
3.355678610697074e-07
3.4132699834571005e-07
3.3609133138934e-07
3.408035274431096e-07
3.465636407656022e-07
3.308544418975431e-07
3.3609140975449006e-07
3.381872764753731e-07
3.3923102104970204e-07
For array: 10, 3
Max: -0.8020891289807743, Min: -1.5307527644436016
Difference: 
3.418396839828746e-07
3.350340033688846e-07
3.4183978514997233e-07
3.455056239402977e-07
3.3136815442086845e-07
3.350337943986702e-07
3.381768120157808e-07
3.3974401890281273e-07
3.413162256804113e-07
3.350338222094457e-07
3.418399450061556e-07
3.52312043323125e-07
3.250850215805846e-07
3.3503383912970595e-07
For array: 10, 4
Max: -0.9130519673099275, Min: -1.3446918947101152
Difference: 
3.2769545083045806e-07
3.3345562234920693e-07
3.4340176548018596e-07
3.3345555933163786e-07
3.4340183642504755e-07
3.334554688416815e-07
3.4340191405679263e-07
3.564912573769473e-07
3.2036611266361583e-07
3.3450241106819197e-07
3.434017190142496e-07
3.3345555993604733e-07
3.434018055918605e-07
3.355496259618071e-07
For array: 10, 5
Max: 1.2327622478624922, Min: 0.996025706269318
Difference: 
3.47062995389398e-07
3.507286744311377e-07
3.009980697818263e-07
3.554361859581663e-07
3.4706295508111316e-07
3.2926471828863123e-07
3.481099383949028e-07
3.297882535528269e-07
3.465395370944706e-07
3.5753423203374076e-07
3.00997037395862e-07
3.486315338622595e-07
3.4810987519125203e-07
For array: 10, 6
Max: 1.3447746289781837, Min: 0.9122770365220089
Difference: 
3.339789277052762e-07
3.4340186388919486e-07
3.334554602829982e-07
3.4340193479723926e-07
3.5544417021359645e-07
3.2141321200027197e-07
3.3450241400064883e-07
3.4340172777317335e-07
3.334555697675524e-07
3.434018079739776e-07
3.3502609906799143e-07
3.4183126576549594e-07
3.334553963709842e-07
3.292705816939244e-07
For array: 10, 7
Max: 1.5312094312233064, Min: 0.802208361027001
Difference: 
3.355575213997881e-07
3.4131626101744393e-07
3.3555743102306277e-07
3.4183965843570647e-07
3.350340111142194e-07
3.41839770307681e-07
3.413169232626032e-07
3.3608015658657123e-07
3.355576401465497e-07
3.3294317676685804e-07
3.439304624418009e-07
3.413162458169946e-07
3.350337843596501e-07
3.423632838686359e-07
For array: 10, 8
Max: 1.7075099164283325, Min: 0.719036800498255
Difference: 
3.408038829173188e-07
3.360909790665316e-07
3.360911711233727e-07
3.3295519386667693e-07
3.4393954382601126e-07
3.41327037704217e-07
3.3609129920910696e-07
3.4080356054449605e-07
3.4761086286339813e-07
3.2980722118211425e-07
3.360913899941194e-07
3.392337606501204e-07
3.3766091966637476e-07
3.4132686326930073e-07
For array: 10, 9
Max: 1.8384597394680995, Min: 0.6679303358038208
Difference: 
3.36100621796859e-07
3.408129759842915e-07
3.3610052188455464e-07
3.4081307123427413e-07
3.3610041118554803e-07
3.4133635354991355e-07
3.361007518954014e-07
3.4081285193557024e-07
3.3610057211584193e-07
3.4081302548318095e-07
3.366240647305383e-07
3.408126955054273e-07
3.361007143462712e-07
3.4081288175486964e-07
For array: 10, 10
Max: 1.902590381721716, Min: 0.6451968076039789
Difference: 
3.366291701841366e-07
3.4029451658857096e-07
3.5181528702240395e-07
3.251083946551872e-07
3.3662897325124633e-07
3.4081784334082956e-07
3.361057048339141e-07
3.4081798750827727e-07
3.3662919140140933e-07
3.40294495701796e-07
3.366290264390497e-07
3.408177934840529e-07
3.3662936928793064e-07
3.4029431480206086e-07
