ee, recovered
For array: 0, 0
Max: -0.6461463495089045, Min: -1.9024048580478303
Difference: 
4.095961036825738e-07
4.1430950209361265e-07
4.0907260761456907e-07
4.1535709565696636e-07
4.085486787556734e-07
4.153569168558949e-07
4.216406029721245e-07
4.0174088466808366e-07
4.101204705877219e-07
4.148333227661212e-07
4.090724420771162e-07
For array: 0, 1
Max: -0.6689549502257206, Min: -1.8387245243883041
Difference: 
4.0907105835332023e-07
4.148320436392381e-07
4.090712205631787e-07
4.153559476423892e-07
4.090709880147653e-07
4.1483210858732146e-07
4.273996926927519e-07
3.9650340022947815e-07
4.090713206218134e-07
4.1535583856051937e-07
4.090710955312581e-07
For array: 0, 2
Max: -0.719813993704699, Min: -1.7071718242122185
Difference: 
4.1064119270712593e-07
4.158773077536093e-07
4.0854498758286223e-07
4.153534952872035e-07
4.085451173025162e-07
4.1587736517334917e-07
4.0802124372382166e-07
4.1587723293835803e-07
4.21637031946188e-07
4.017374382071618e-07
4.0959286436035134e-07
For array: 0, 3
Max: -0.8024510198661364, Min: -1.5315280744448898
Difference: 
4.258242799099315e-07
3.9859297397935814e-07
4.080185778002254e-07
4.163986761097342e-07
4.069710544129039e-07
4.169222751239046e-07
4.08018531695094e-07
4.1587479515853054e-07
4.074949286620415e-07
4.169223178684914e-07
4.263477407004145e-07
For array: 0, 4
Max: -0.9135064942382347, Min: -1.3451902492665897
Difference: 
4.043502006298123e-07
4.195391163932794e-07
4.048739696695885e-07
4.1953919264725963e-07
4.3524944998255186e-07
3.886398634118425e-07
4.1534826912611573e-07
4.01731027145557e-07
4.122077245988651e-07
4.18491602401808e-07
4.053977598905649e-07
For array: 0, 5
Max: 1.2335263006422896, Min: 0.9960461746721392
Difference: 
4.0120792022909706e-07
4.033016559559111e-07
4.0172909553172333e-07
4.1849258946437015e-07
4.2477609720720686e-07
3.996354806914164e-07
4.252999461009261e-07
3.9806415494578115e-07
4.263474616905895e-07
4.232034850907912e-07
4.00160514533201e-07
For array: 0, 6
Max: 1.3450630632345348, Min: 0.9133788051707316
Difference: 
4.1953916813559495e-07
4.04873916915128e-07
4.1953924435150705e-07
4.3577311390978253e-07
3.881161986181916e-07
4.163956479838935e-07
4.0173134179616267e-07
4.1011254242450334e-07
4.1953908905752644e-07
4.053977049840216e-07
4.195392977783408e-07
For array: 0, 7
Max: 1.531716027027304, Min: 0.8025150006734304
Difference: 
3.964981798905909e-07
4.0801860000063567e-07
4.1639865505199876e-07
4.069710771448603e-07
4.169222533843538e-07
4.0749486221126623e-07
4.163984659425539e-07
4.074949528130248e-07
4.1639837334690517e-07
4.294901532365162e-07
3.949270916222875e-07
For array: 0, 8
Max: 1.7076309325238685, Min: 0.720116620676494
Difference: 
4.1587737212326657e-07
4.0802124325608054e-07
4.15877240373346e-07
4.137818424190858e-07
4.0173260555887796e-07
4.169292146032061e-07
4.1587730141368734e-07
4.0854498891537677e-07
4.153534873969241e-07
4.085451188759345e-07
4.1587735674764563e-07
For array: 0, 9
Max: 1.838868213557915, Min: 0.6688522126458762
Difference: 
4.1587963415630965e-07
4.0907097359108244e-07
4.1483212669545735e-07
4.2792334682662893e-07
3.959797512345678e-07
4.0907130023952324e-07
4.153558651159624e-07
4.085474017185875e-07
4.153556916703196e-07
4.0907124378053155e-07
4.1535591406090615e-07
For array: 0, 10
Max: 1.90306167834454, Min: 0.6463215579216258
Difference: 
4.1535695086318045e-07
4.09072501795208e-07
4.1535720427237854e-07
4.090722430290499e-07
4.148333554787193e-07
4.1430911606378797e-07
4.09596478331945e-07
4.090725926145251e-07
4.1535710088751487e-07
4.090723371617375e-07
4.148332485189942e-07
For array: 1, 0
Max: -0.6145505293052944, Min: -1.857145236375176
Difference: 
4.075001994476559e-07
4.143085775629749e-07
4.085476734471036e-07
4.1326109831665273e-07
4.080241466705118e-07
4.1430873612373534e-07
4.169261797242013e-07
4.0173789022681077e-07
4.1116867291256137e-07
4.1378477882336834e-07
4.080241235781564e-07
For array: 1, 1
Max: -0.6368389557324609, Min: -1.7919252026272439
Difference: 
4.0802255683033436e-07
4.1378370388722437e-07
4.0749901711074876e-07
4.143072420369658e-07
4.0802281841760474e-07
4.1430751692315553e-07
4.221616252202442e-07
3.996446286330136e-07
4.0802267710692366e-07
4.137835748417001e-07
4.0802281328039735e-07
For array: 1, 2
Max: -0.6881328582099954, Min: -1.657698761561814
Difference: 
4.0802040711655673e-07
4.1430526048669996e-07
4.0697282415880065e-07
4.148288313855134e-07
4.0749660440867125e-07
4.1430504815223436e-07
4.0749670667436277e-07
4.143049435382092e-07
4.1744666655093363e-07
4.0173493845326703e-07
4.1064063194771175e-07
For array: 1, 3
Max: -0.7720099748510395, Min: -1.4776632487453605
Difference: 
4.090650374772561e-07
4.017291083975797e-07
4.1744901693726986e-07
4.1587377824466893e-07
4.0697018493104774e-07
4.1482632154434097e-07
4.0644656423586307e-07
4.158738619779208e-07
4.0592271280121864e-07
4.1587378905216305e-07
4.205861445991949e-07
For array: 1, 4
Max: -0.8902255578112844, Min: -1.2807653157140793
Difference: 
4.0277797943791205e-07
4.190145118743479e-07
4.3105878460643237e-07
3.9073370464732057e-07
4.137761270412885e-07
4.017302721216784e-07
4.1011161414315713e-07
4.1796696265446834e-07
4.0330184327534715e-07
4.1953832367088754e-07
4.0225419748011365e-07
For array: 1, 5
Max: 1.144737023412142, Min: 0.9961902650233384
Difference: 
4.017305688347372e-07
4.0277682226474065e-07
4.0172906124268846e-07
4.1063452323319845e-07
3.9334757770119273e-07
4.273959451237358e-07
4.31584244372062e-07
3.9177800766686496e-07
4.305367818528985e-07
4.305352041629655e-07
3.9125579140396886e-07
For array: 1, 6
Max: 1.2808550445490698, Min: 0.8902306813275301
Difference: 
3.9963238960958867e-07
4.2216014210167985e-07
4.1901444662216796e-07
4.0382551762742565e-07
4.1796697182425475e-07
4.038255543660097e-07
4.1796693296578905e-07
4.310589227759066e-07
3.917812435488473e-07
4.1272858312565343e-07
4.0173013105957695e-07
For array: 1, 7
Max: 1.4775396446320899, Min: 0.7720540479593824
Difference: 
4.153500739462634e-07
4.2687047685905747e-07
3.954499534921095e-07
4.090648045082391e-07
4.0120541702622046e-07
4.1797270545965434e-07
4.153500865652779e-07
4.0644649000163595e-07
4.1535001338466616e-07
4.0592286914067317e-07
4.1639755474550267e-07
For array: 1, 8
Max: 1.6581843089614698, Min: 0.6881617356477405
Difference: 
4.143049246194578e-07
4.080205148080038e-07
4.143051502863245e-07
4.310620658264006e-07
3.9073958867914716e-07
4.1378083083454756e-07
4.0173272271344083e-07
4.143085901514309e-07
4.143051669869686e-07
4.069729113345384e-07
4.148287360589483e-07
For array: 1, 9
Max: 1.792204132986697, Min: 0.6368960666358116
Difference: 
4.143074918777373e-07
4.074988991473376e-07
4.1430736046231166e-07
4.0749902978509037e-07
4.143072283802769e-07
4.263512723793214e-07
3.954549835368475e-07
4.0907030497278376e-07
4.132600279421144e-07
4.08022692694522e-07
4.13783557905832e-07
For array: 1, 10
Max: 1.8574370785295105, Min: 0.6144957833462017
Difference: 
4.1378473980448445e-07
4.080241802679718e-07
4.1430871065362487e-07
4.0802387213078076e-07
4.13784897610573e-07
4.0802401289160553e-07
4.1378475301744107e-07
4.143081582109173e-07
4.0121122661671826e-07
4.1431367195244084e-07
4.1430857724547405e-07
For array: 2, 0
Max: -0.5383305176675569, Min: -1.7735594994841752
Difference: 
4.0592767214723445e-07
4.116880889632954e-07
4.0592755602542286e-07
4.1168820058605806e-07
4.2058992268569807e-07
3.970258292653235e-07
4.074983044202229e-07
4.101174431142516e-07
4.0540355159427475e-07
4.1168802991777915e-07
4.059276003917307e-07
For array: 2, 1
Max: -0.5596013840108968, Min: -1.7059925664926254
Difference: 
4.0592614070192547e-07
4.116871015411304e-07
4.0592603399366207e-07
4.1116308594443983e-07
4.2477823750619354e-07
3.928349970128445e-07
4.116865646555046e-07
4.012096067281116e-07
4.1011956866014057e-07
4.122107187226997e-07
4.054024056623481e-07
For array: 2, 2
Max: -0.608557174594698, Min: -1.5684338748310025
Difference: 
4.048762379431013e-07
4.122082708943628e-07
4.054001889403671e-07
4.1220835328497044e-07
4.054001035005641e-07
4.122084364188232e-07
4.195391010869431e-07
3.9806943650081684e-07
4.064472722182232e-07
4.017286329388238e-07
4.1430881122660025e-07
For array: 2, 3
Max: -0.6905229932452951, Min: -1.3816675547743769
Difference: 
4.043500681487625e-07
4.132533008216797e-07
4.0487369474324833e-07
4.1272967244708426e-07
4.043499504943367e-07
4.1325341555438097e-07
4.043498904715259e-07
4.1325347291154183e-07
4.1901301796697263e-07
3.980664085422872e-07
4.064447621067393e-07
For array: 2, 4
Max: -0.81157062396218, Min: -1.1752388840217076
Difference: 
4.205873721224419e-07
4.1639404630238277e-07
4.0120523812960495e-07
4.163940742377804e-07
4.012052077880625e-07
4.163941030408357e-07
4.0120517693677334e-07
4.163941323504127e-07
4.3053317745189876e-07
3.870661302895199e-07
4.1691655617525673e-07
For array: 2, 5
Max: 0.9999633291967652, Min: 0.9539334585495415
Difference: 
4.027751852243395e-07
4.0172831316348774e-07
4.027755433268519e-07
4.0120418073674565e-07
4.0277591819597746e-07
4.01727580464418e-07
4.0277627428888725e-07
4.0120345478692887e-07
4.111567752619267e-07
3.9334673196432786e-07
7.7518361269047e-08
4.2529648453068513e-07
For array: 2, 6
Max: 1.1756905027292288, Min: 0.8110796198782628
Difference: 
4.163940978187607e-07
4.012051864818503e-07
4.163941262604955e-07
4.006814414598281e-07
4.1691786976130146e-07
4.2739086592161603e-07
3.8968460240700536e-07
4.142980891960493e-07
4.01729696530094e-07
4.027767123846114e-07
4.017265757301537e-07
For array: 2, 7
Max: 1.3812708532577147, Min: 0.6904494929897955
Difference: 
4.1325340498221706e-07
4.048735922652985e-07
4.1272977608033313e-07
4.0382616316565465e-07
4.1325326830094003e-07
4.0487372445798913e-07
4.1272964058887407e-07
4.289631914498224e-07
3.8864017174584354e-07
4.15870995665178e-07
4.017323660089419e-07
For array: 2, 8
Max: 1.5680427533368058, Min: 0.6088347050270747
Difference: 
4.1168458309454364e-07
4.054002082067499e-07
4.122083366919537e-07
4.059237936639394e-07
4.1168474846440335e-07
4.0540003942798775e-07
4.1220850052914526e-07
4.048762852061466e-07
4.12208216245561e-07
4.294890487533307e-07
3.881194853509181e-07
For array: 2, 9
Max: 1.7062826053354017, Min: 0.5599844119711981
Difference: 
4.111631040641603e-07
4.06450037130696e-07
4.1116320564641236e-07
4.059262698832702e-07
4.1168696847636727e-07
4.0592616574924823e-07
4.116870691185971e-07
4.0592606161360823e-07
4.1116305100407284e-07
4.064500757310268e-07
4.11163151034549e-07
For array: 2, 10
Max: 1.7739292337533519, Min: 0.5388316184885467
Difference: 
4.095936623502321e-07
4.0592734670855904e-07
4.1168841429249246e-07
4.0540357215712737e-07
4.1168802292520453e-07
4.059276194838495e-07
4.116881319425093e-07
4.0592750528075917e-07
4.1168824090266726e-07
4.0592739172672986e-07
4.1168834798231257e-07
For array: 3, 0
Max: -0.4081897509991752, Min: -1.68134713009101
Difference: 
4.1273250714785485e-07
3.9807090508252734e-07
4.064491573019712e-07
4.0120844568839903e-07
4.069771440013114e-07
4.074963696931514e-07
4.038310997127127e-07
4.0749660293796413e-07
4.0330721679092796e-07
4.08020482298517e-07
4.0278333456897033e-07
For array: 3, 1
Max: -0.42552044150709833, Min: -1.6127129381507719
Difference: 
4.153501048152678e-07
3.95975143529631e-07
4.080187988660094e-07
4.017337125042652e-07
4.043548235651836e-07
4.08018906389508e-07
4.033061186094211e-07
4.080191183275081e-07
4.027822541269321e-07
4.085429791733645e-07
4.0330568823251595e-07
For array: 3, 2
Max: -0.4655520286644019, Min: -1.4735703689226038
Difference: 
4.1901313821855154e-07
3.9230741835928136e-07
4.116817907885519e-07
3.991146272084725e-07
4.0539823509516375e-07
4.017292339295898e-07
4.0697286564619065e-07
4.0854076412155563e-07
4.022559525885662e-07
4.0854045722063355e-07
4.033035670040479e-07
For array: 3, 3
Max: -0.5320976710448047, Min: -1.2889837093390313
Difference: 
4.211054207003206e-07
3.9020983698075487e-07
4.1377394334516676e-07
3.9701730722509685e-07
4.0749014116358963e-07
4.01729087878834e-07
4.038256958264746e-07
4.00153480475187e-07
4.1116165124916987e-07
4.0906170105722715e-07
4.022534309140106e-07
For array: 3, 4
Max: -0.6228326153169516, Min: -1.1008637018352638
Difference: 
4.059169077911529e-07
4.0172704679360144e-07
4.0329978935479266e-07
4.006769167785924e-07
4.111579064139602e-07
4.106311603877216e-07
4.0015627831251323e-07
4.106310332848561e-07
4.0068009606744165e-07
4.106311076839378e-07
4.0015632887564315e-07
For array: 3, 5
Max: 0.9996038304318108, Min: 0.6854349670020107
Difference: 
4.2215122172262825e-07
3.896822820630837e-07
4.142953789688208e-07
3.9649044302485416e-07
4.0801092883312423e-07
4.017272108248349e-07
4.0277415902418507e-07
4.0120173900370124e-07
4.064418930827414e-07
3.9805784743322657e-07
4.137754687761665e-07
For array: 3, 6
Max: 1.1005598984646787, Min: 0.6229193542684569
Difference: 
4.10631113234312e-07
4.0015632752937195e-07
4.1115488048029107e-07
4.006799434397939e-07
4.101073701277592e-07
4.2634095203765057e-07
3.8497025306831205e-07
4.190091936950781e-07
3.9177811793727576e-07
4.1272502134535853e-07
3.9858618197618137e-07
4.059169571648328e-07
For array: 3, 7
Max: 1.2889267112678418, Min: 0.5321260378787294
Difference: 
4.0906169020830025e-07
4.263421716510462e-07
3.849730865303931e-07
4.190106912121685e-07
3.9178055822368953e-07
4.127268880187004e-07
3.985883667655215e-07
4.0591907989776436e-07
4.0120412254904505e-07
4.0592166249176215e-07
4.0906163430602494e-07
4.022534937191853e-07
For array: 3, 8
Max: 1.4728685626920537, Min: 0.4654454445951449
Difference: 
4.085404573378794e-07
4.033035725773017e-07
4.0801698059450884e-07
4.216313109481661e-07
3.8916510126445634e-07
4.1534774577705145e-07
3.959727971003734e-07
4.0801638988209694e-07
4.0173174208822997e-07
4.0435205777664106e-07
4.0801674696647955e-07
4.033035956077542e-07
For array: 3, 9
Max: 1.6124666087047692, Min: 0.4256274254614745
Difference: 
4.080189394694066e-07
4.03306089215871e-07
4.080191582021897e-07
4.027822204405828e-07
4.0854302243863705e-07
4.1901512377389466e-07
3.917858714257966e-07
4.12208063091182e-07
3.9911717220647503e-07
4.0540040919279663e-07
4.017308736878428e-07
4.069758977626293e-07
For array: 3, 10
Max: 1.6809602598663118, Min: 0.4083583354349473
Difference: 
4.07496605630944e-07
4.03307219140038e-07
4.08020494044986e-07
4.02783330491841e-07
4.080200768071404e-07
4.21635039827979e-07
3.8969266511075826e-07
4.143037410100864e-07
3.9702395970512396e-07
4.0749609188748324e-07
4.017343996243724e-07
4.054038850671036e-07
For array: 4, 0
Max: -0.22289697502759886, Min: -1.6114027046841246
Difference: 
3.9964025132928396e-07
4.0382938443276377e-07
4.0016396541795765e-07
4.033056638791026e-07
4.001640556152798e-07
4.0330556722132377e-07
4.0016414909224937e-07
4.033054672884656e-07
4.001642458446085e-07
4.033053640848257e-07
4.00164345868045e-07
For array: 4, 1
Max: -0.23276754474407116, Min: -1.5431323552055336
Difference: 
3.996385944099646e-07
4.038286593372122e-07
3.996386781932104e-07
4.038285700705366e-07
3.9963876455766316e-07
4.0382847822604305e-07
3.996388535002392e-07
4.0382838380683826e-07
3.996389450178242e-07
4.0382828681606263e-07
3.9963903910726847e-07
For array: 4, 2
Max: -0.25543002773523077, Min: -1.4062302934617663
Difference: 
3.996367629846813e-07
4.038260485510145e-07
3.996368381684424e-07
4.038259695076162e-07
3.996369148328928e-07
4.0382588898549673e-07
4.001606231027324e-07
4.033021768599691e-07
4.001607027293991e-07
4.03302093379607e-07
4.001607838316209e-07
For array: 4, 3
Max: -0.2917610153521156, Min: -1.230531655025707
Difference: 
3.9963394545655786e-07
4.0382371108217574e-07
3.99110361919559e-07
4.0434729050645996e-07
3.9963404806541615e-07
4.0382360051480916e-07
3.99634099915771e-07
4.0382354779608754e-07
3.996341530174841e-07
4.038234920636964e-07
3.996342081954494e-07
For array: 4, 4
Max: -0.33562053681624315, Min: -1.0688589059870592
Difference: 
3.996321294556155e-07
4.038214626068331e-07
3.9963217137691576e-07
4.0382141858292324e-07
3.996322133341615e-07
4.0434551155069944e-07
3.985844719333244e-07
4.048691135783302e-07
3.9858451447728764e-07
4.0486906872292923e-07
3.9858455757531714e-07
For array: 4, 5
Max: 0.9975371548206212, Min: 0.3587830371693341
Difference: 
3.9910735574086877e-07
4.0434464847236757e-07
3.9858373810471526e-07
4.0486826576804956e-07
3.991074273865173e-07
4.0434457592096e-07
3.9858381145650303e-07
4.0486819176643485e-07
3.985838493751497e-07
4.048681528719423e-07
3.9910754147147914e-07
For array: 4, 6
Max: 1.0699704334052131, Min: 0.335181344624232
Difference: 
3.991084788460463e-07
3.980554735137299e-07
4.053981542074668e-07
3.9857956846639083e-07
4.048740550271124e-07
3.996277989075998e-07
4.038258196050098e-07
4.0015189642004617e-07
4.033017168685043e-07
4.012001318306575e-07
4.022534778396672e-07
For array: 4, 7
Max: 1.2312638932564721, Min: 0.2918823215354515
Difference: 
4.0015803556636617e-07
4.0329962522730937e-07
3.996344587488629e-07
4.0434751665750136e-07
3.996338400198586e-07
4.038238164871179e-07
3.9963390355751307e-07
4.038237512767368e-07
3.991103327860863e-07
4.043473199540995e-07
3.996340365731895e-07
For array: 4, 8
Max: 1.4065013666048238, Min: 0.2554841658791738
Difference: 
3.9963670321800707e-07
4.038261082354402e-07
3.9963677930850725e-07
4.0382602836083056e-07
3.996368572833962e-07
4.0382594669644716e-07
3.9963693672183227e-07
4.038258634029452e-07
4.0016064777622403e-07
4.033021484954937e-07
4.001607301724979e-07
For array: 4, 9
Max: 1.5434876287121697, Min: 0.23282329223719106
Difference: 
4.0016287791996885e-07
4.0330437564191567e-07
4.00162962413223e-07
4.033042856982351e-07
4.0016304945522483e-07
4.033041931787416e-07
4.001631390733588e-07
4.0330409808668817e-07
4.001632312643697e-07
4.0382873675563757e-07
3.9963858969469287e-07
For array: 4, 10
Max: 1.611827842496613, Min: 0.22296483931833488
Difference: 
3.9963993318271635e-07
4.038297019286399e-07
3.9964002088701234e-07
4.038296077601278e-07
3.996401118752551e-07
4.0382951031213583e-07
3.9964020614331575e-07
4.038294095888354e-07
4.001639308952179e-07
4.033056783862509e-07
4.0016403171595e-07
For array: 5, 0
Max: 0.00045069794273535637, Min: -1.586413855091676
Difference: 
3.9615531825862534e-07
3.99291437595865e-07
3.957992239817359e-07
3.9944009624716814e-07
3.961741646323626e-07
3.9926156930263764e-07
3.9582908557037254e-07
3.994085800304734e-07
3.956820714836242e-07
3.997674328928858e-07
3.958468179645846e-07
For array: 5, 1
Max: 0.0004360921997889671, Min: -1.5184811212301956
Difference: 
3.961533855390702e-07
3.9928815364732677e-07
3.95800155783988e-07
3.994418840117488e-07
3.9617002345740066e-07
3.9925835427424603e-07
3.958299490176299e-07
3.994134492242231e-07
3.9567485099162646e-07
3.997636771370756e-07
3.958482211563843e-07
For array: 5, 2
Max: 0.0004098327882060205, Min: -1.3831312321551388
Difference: 
3.961489397863144e-07
3.992798902458771e-07
3.9580403955932997e-07
3.994464897338646e-07
3.961610357530533e-07
3.9924956557484446e-07
3.9583435913592666e-07
3.994241803119652e-07
3.961833401047075e-07
3.992299045825973e-07
3.958540150344112e-07
For array: 5, 3
Max: 0.0001846082688932339, Min: -1.2126884333850318
Difference: 
3.9614037468781514e-07
3.9926336710903127e-07
3.9581562869814047e-07
3.9945872214619823e-07
3.961438666909375e-07
3.992262410843515e-07
3.9585275080443207e-07
3.997602679223557e-07
3.958423170181309e-07
3.991998798381853e-07
3.958791081327291e-07
For array: 5, 4
Max: 2.5592889009736823e-05, Min: -1.0616962798150642
Difference: 
3.9612075413448735e-07
3.989793845304944e-07
3.9609578136713283e-07
3.997585629636088e-07
3.9584019398754564e-07
3.9898831834129e-07
3.9608684462828376e-07
3.9975381782707054e-07
3.9584493613921584e-07
3.990016400127444e-07
3.9607351995252125e-07
For array: 5, 5
Max: 0.9992088371324138, Min: 0.0007824738234782434
Difference: 
3.9609533746059987e-07
3.997577170920748e-07
3.9583960303998553e-07
3.989865205055782e-07
3.960872068328594e-07
3.9975271095220876e-07
3.9584460707059534e-07
3.989980753411491e-07
3.9607565008304595e-07
3.9974839916377433e-07
3.9584891672152265e-07
For array: 5, 6
Max: 1.0617029438296806, Min: 5.0100227050682974e-05
Difference: 
3.958214531773449e-07
3.9976128839419626e-07
3.958374701442775e-07
3.9898357028669315e-07
3.9609159453277367e-07
3.997561924450081e-07
3.958425633615378e-07
3.989947429171411e-07
3.96080418898169e-07
3.9975184155337263e-07
3.958469112688543e-07
For array: 5, 7
Max: 1.2126722368622718, Min: -0.00052371230732519
Difference: 
3.958060000605821e-07
3.9944507285605995e-07
3.961575177178431e-07
3.992435038866968e-07
3.958354897481558e-07
3.9942685407000404e-07
3.961757326037915e-07
3.9922298336647936e-07
3.95856006347041e-07
3.9939511597619965e-07
3.9568387177138774e-07
For array: 5, 8
Max: 1.3831481088501292, Min: -0.0005257977881301845
Difference: 
3.9580304663699225e-07
3.9942626762850526e-07
3.961812611840808e-07
3.9925624204943053e-07
3.958276859989822e-07
3.993961833495571e-07
3.956877421462018e-07
3.997639263276499e-07
3.958435948750643e-07
3.9935397110186327e-07
3.957299493012121e-07
For array: 5, 9
Max: 1.5184867295387245, Min: -0.00047231985757683085
Difference: 
3.9580369139161534e-07
3.9941591928397116e-07
3.9619599173148207e-07
3.9926136425404717e-07
3.9582694259803e-07
3.9937849534894874e-07
3.9570980842810896e-07
3.9950585021061685e-07
3.9610605163216434e-07
3.993284322355975e-07
3.9575986540524436e-07
For array: 5, 10
Max: 1.5864195097080478, Min: -0.0004260651156438612
Difference: 
3.95804514649053e-07
3.9941153207081455e-07
3.9620273266046915e-07
3.9926330244959705e-07
3.9582735628914593e-07
3.993706152136507e-07
3.9572004016672503e-07
3.99504377127441e-07
3.9610987758342025e-07
3.9931678362679775e-07
3.9577386505122606e-07
For array: 6, 0
Max: -0.2219716509007169, Min: -1.6124838283557312
Difference: 
3.915252321813795e-07
3.957129203263951e-07
4.088032129646748e-07
3.784349440525251e-07
3.920485213419624e-07
3.9518963943842324e-07
3.920483641863823e-07
3.9518980036144833e-07
3.920481992664565e-07
3.951899690527265e-07
3.9204802657820603e-07
For array: 6, 1
Max: -0.2317966170165525, Min: -1.5441056010718546
Difference: 
3.920471745003195e-07
3.9518863443166536e-07
4.082778879911555e-07
3.7895792467586425e-07
3.920468996633888e-07
3.9518891601342173e-07
3.920467519642891e-07
3.9571151609754954e-07
3.9152414820327214e-07
3.9571167321829624e-07
3.915239874055825e-07
For array: 6, 2
Max: -0.2543751127173765, Min: -1.4070576009414228
Difference: 
3.915218018162147e-07
3.9570963123452995e-07
4.07228708896083e-07
3.800027266381365e-07
3.915215623036965e-07
3.9570987503698973e-07
3.9204500256404495e-07
3.9518643658498e-07
3.920448704253157e-07
3.951865705337699e-07
3.9204473340611945e-07
For array: 6, 3
Max: -0.29059895555282295, Min: -1.2316919154086268
Difference: 
3.9204250234807403e-07
3.951838509959874e-07
4.093197065492839e-07
3.779066490193764e-07
3.920423135283951e-07
3.95706905913596e-07
3.915193534012935e-07
3.9570700537210134e-07
3.9151925171530327e-07
3.957071083610938e-07
3.9151914818550867e-07
For array: 6, 4
Max: -0.33436053990382125, Min: -1.069963079005541
Difference: 
4.046054216952407e-07
3.8313998231119807e-07
3.909938495174723e-07
3.9622851703313436e-07
3.9099377528972054e-07
3.9622859240612273e-07
3.90993699082323e-07
3.9622866918501935e-07
3.909936221498449e-07
3.962287487330869e-07
3.9151708232816714e-07
For array: 6, 5
Max: 1.0000346212134712, Min: 0.3576925938625913
Difference: 
3.9046956044493563e-07
3.967511966152864e-07
3.9046949900222697e-07
3.967512588639187e-07
3.9099296680614904e-07
3.9622779237367973e-07
3.9099290518423023e-07
3.9622785504630395e-07
4.0303402370022145e-07
3.841867390733877e-07
3.909927838692514e-07
For array: 6, 6
Max: 1.0699899572116562, Min: 0.33431104409275364
Difference: 
3.9151720021464435e-07
3.9570516360806004e-07
3.9151712938409086e-07
3.941361215974039e-07
4.0250986565529694e-07
3.8628161884206217e-07
3.915169828053322e-07
3.9622842511503576e-07
3.9099386893189584e-07
3.962285028942728e-07
3.90993792239012e-07
For array: 6, 7
Max: 1.231561293617985, Min: 0.290579453555277
Difference: 
3.915191266015774e-07
3.9570722653327483e-07
3.9675457692577877e-07
3.9047177777996924e-07
3.920424900900252e-07
3.951838663468356e-07
3.9204239067492734e-07
3.951839671217432e-07
3.9204228782495714e-07
3.9570693244346794e-07
3.915193213737309e-07
For array: 6, 8
Max: 1.4068304236297928, Min: 0.25438394352107185
Difference: 
3.9204488938918e-07
3.951865436919419e-07
3.988511499363035e-07
3.883802857987181e-07
3.920446517781811e-07
3.9570942765734445e-07
3.9152188434272367e-07
3.9570955507048025e-07
3.9152175385948053e-07
3.9570968736586526e-07
3.915216184939708e-07
For array: 6, 9
Max: 1.5438863703030197, Min: 0.23177644285614124
Difference: 
3.915239023593759e-07
3.957119060260819e-07
3.9780667728868895e-07
3.8942913492202696e-07
3.9204720472358376e-07
3.9518861079795715e-07
3.920470583422331e-07
3.951887601942322e-07
3.920469052698359e-07
3.951889162844803e-07
3.9204674550344194e-07
For array: 6, 10
Max: 1.6122927158104514, Min: 0.2219404143920424
Difference: 
3.920482010260416e-07
3.9518995108119257e-07
3.9728385405648786e-07
3.89954302644697e-07
3.920479115663445e-07
3.9519024925663037e-07
3.920477556535803e-07
3.9571275597461356e-07
3.915252449398026e-07
3.9571292308194774e-07
3.91525073836646e-07
For array: 7, 0
Max: -0.40748988122999386, Min: -1.6805634328790617
Difference: 
3.9204968916877275e-07
3.8786141732247713e-07
3.920499451161002e-07
3.883847221936468e-07
3.9152664123835333e-07
4.025206655121774e-07
3.779135865127795e-07
3.878613087879456e-07
3.925729440022738e-07
3.878617138407061e-07
3.9204965544179294e-07
3.878614343522469e-07
For array: 7, 1
Max: -0.4250027133267055, Min: -1.6119693682328886
Difference: 
3.9204849417076995e-07
3.8786026636102746e-07
3.92048730632529e-07
3.8838358656395594e-07
3.8943364541592664e-07
4.025169427350101e-07
3.800067642910034e-07
3.878601608191965e-07
3.9257178102740986e-07
3.878605279861812e-07
3.9204847441257375e-07
3.8838382994090374e-07
For array: 7, 2
Max: -0.46499366843458056, Min: -1.4729726617180572
Difference: 
3.9309300993018563e-07
3.873348554457047e-07
3.925696589579427e-07
3.8733465159469177e-07
3.8629327285453825e-07
4.025113036273274e-07
3.841928219230285e-07
3.873347402865579e-07
3.9256976165054476e-07
3.873345332094741e-07
3.930930188307093e-07
3.873348211961996e-07
For array: 7, 3
Max: -0.5315709552514606, Min: -1.2888179938651982
Difference: 
3.9309057535567067e-07
3.8680867446746887e-07
3.936138939860496e-07
3.86285356113649e-07
3.847200680266134e-07
4.0250853542815155e-07
3.8680800479523907e-07
3.862854186623258e-07
3.936139782520156e-07
3.868087974359326e-07
3.930905996455153e-07
3.8680864911610003e-07
For array: 7, 4
Max: -0.6221568342372353, Min: -1.1004961002493927
Difference: 
3.951822052350523e-07
3.8523669899718215e-07
3.946587990081896e-07
3.852366094031422e-07
3.9518217273175003e-07
4.067000501083777e-07
3.7319544700814357e-07
3.852366400881872e-07
3.9518214186023264e-07
3.847132615142706e-07
3.951822329626631e-07
3.852366631991178e-07
For array: 7, 5
Max: 0.9999263363100076, Min: 0.6849800866034695
Difference: 
3.8314246675793024e-07
3.9622820963483643e-07
3.8418922211308116e-07
3.789579320372906e-07
4.0250644581604037e-07
3.9518110677983603e-07
4.093161043821237e-07
3.7005457157262447e-07
3.841891851972059e-07
3.9622816779610924e-07
3.8314231410649465e-07
For array: 7, 6
Max: 1.1005748817864294, Min: 0.6222078188487798
Difference: 
3.852366447730008e-07
3.9465885405080306e-07
3.8576005146273644e-07
3.9465873217941473e-07
3.8523667563800076e-07
3.8209994574855417e-07
4.030304161583778e-07
3.8994724030533983e-07
3.8523670415423653e-07
3.946587911443987e-07
3.8523661160937675e-07
For array: 7, 7
Max: 1.288588883115109, Min: 0.5313329086362986
Difference: 
3.873321834061727e-07
3.930903850209311e-07
3.8680886600867343e-07
3.930905286858244e-07
3.8733224576417815e-07
3.930903235493672e-07
4.046087835483019e-07
3.752906130845277e-07
3.8733230536798485e-07
3.9256709079355563e-07
3.8733215544724647e-07
For array: 7, 8
Max: 1.472929202322537, Min: 0.46475247027556993
Difference: 
3.878581065555562e-07
3.9256945647378387e-07
3.8733485922712893e-07
3.925696487670913e-07
3.8785819922180406e-07
3.9204629980018624e-07
4.03040817120667e-07
3.7738673068295876e-07
3.8733474376826144e-07
3.925697620845437e-07
3.8733453556840157e-07
For array: 7, 9
Max: 1.6117908366338365, Min: 0.42490454389817517
Difference: 
3.88383666138765e-07
3.9204827178510213e-07
3.87336930376637e-07
3.925720665136384e-07
3.8786024655322276e-07
3.883881595511587e-07
4.0303886570703455e-07
3.810536677011491e-07
3.8733681086576e-07
3.925721903939224e-07
3.883836717500012e-07
For array: 7, 10
Max: 1.6802886510560673, Min: 0.4075522693189492
Difference: 
3.878612721423777e-07
3.9257297574465776e-07
3.878616936313525e-07
3.9204967010196073e-07
3.878614312626203e-07
3.9204993330825645e-07
3.9728530127534027e-07
3.831489511845435e-07
3.878615719236786e-07
3.920497974227875e-07
3.878612944753173e-07
For array: 8, 0
Max: -0.537612087307922, Min: -1.7732170292415055
Difference: 
3.8105687699686725e-07
3.847223338036453e-07
3.89433914470038e-07
3.8524573128502776e-07
3.8891052056357045e-07
3.847220121475287e-07
3.899572732888145e-07
3.8472237220360104e-07
3.894338813724726e-07
3.847221968185514e-07
3.8943405647850745e-07
3.852455712060276e-07
For array: 8, 1
Max: -0.5588066159215024, Min: -1.7060986504573328
Difference: 
3.847207091894859e-07
3.847210620843133e-07
3.894327954906829e-07
3.847209140577968e-07
3.899560139415187e-07
3.841976922942484e-07
3.899561673332397e-07
3.8419754283080405e-07
3.899563203103673e-07
3.847209374283754e-07
3.8995599618681027e-07
3.8419770917698977e-07
For array: 8, 2
Max: -0.6077478029482438, Min: -1.5681788768237945
Difference: 
3.9047738414680746e-07
3.84195435268307e-07
3.8995396982809527e-07
3.847188453473906e-07
3.8995370834913266e-07
3.841955658518517e-07
3.8733808665721706e-07
4.030407874619032e-07
3.7424751804852054e-07
3.836721525584107e-07
3.904772523105578e-07
3.8419554989072324e-07
For array: 8, 3
Max: -0.6899749825823733, Min: -1.3815458944711667
Difference: 
3.8681223657489637e-07
4.0251403473595616e-07
3.763397015442336e-07
3.826228512052667e-07
3.9152164692342615e-07
3.836697846672086e-07
3.9047471208427054e-07
3.8785779085268447e-07
3.8680995402861293e-07
3.8366986309606865e-07
3.9047463323044685e-07
3.836697661249425e-07
For array: 8, 4
Max: -0.8104331779776576, Min: -1.1757559459652218
Difference: 
3.7529610057825644e-07
4.0250883538479005e-07
3.899488332342228e-07
3.8052743891463253e-07
3.9413655311611117e-07
3.8052752327967926e-07
3.930897802039781e-07
3.8052734081850707e-07
3.941366461831894e-07
4.035603691354727e-07
3.71103618644426e-07
3.8052750909999197e-07
For array: 8, 5
Max: 0.9997526489525356, Min: 0.9531323937772704
Difference: 
3.318487226396114e-07
3.847150919705506e-07
4.025098339915022e-07
4.0198733819158736e-07
4.02510723456436e-07
3.9779914324706997e-07
3.334189606037975e-07
7.327994478164061e-08
3.0096688318821834e-07
4.02509529616339e-07
4.01464233025414e-07
4.0303382256431397e-07
For array: 8, 6
Max: 1.1755899065760982, Min: 0.8108298282895734
Difference: 
4.0251170092794534e-07
3.78432410866048e-07
3.8052739007503107e-07
3.941366023858239e-07
3.8052747483453575e-07
3.7581949754433065e-07
4.030323852715095e-07
3.88901935213178e-07
3.805273792741273e-07
3.941366089307774e-07
3.8052746203085814e-07
3.9308983787764977e-07
For array: 8, 7
Max: 1.3817812532901816, Min: 0.6896830246511375
Difference: 
3.847169098123822e-07
3.8942758897922975e-07
3.8314628755402505e-07
3.9099821250410024e-07
3.8314619753684753e-07
3.9152154879021674e-07
3.836698813122343e-07
3.904746146031505e-07
4.0408677164343804e-07
3.7005772626935164e-07
3.8366969542120164e-07
3.9047480055665224e-07
For array: 8, 8
Max: 1.5678331805549475, Min: 0.6078363830260137
Difference: 
3.84195409629574e-07
3.9047714375153337e-07
4.0304295051704346e-07
3.711064553929072e-07
3.841955464972634e-07
3.8995385801192303e-07
3.841954155463126e-07
3.9047713791908864e-07
3.92048701110942e-07
3.8210070368405684e-07
3.836719986405641e-07
3.9047740683975895e-07
For array: 8, 9
Max: 1.7060612332194085, Min: 0.5587988815285371
Difference: 
3.841977302899464e-07
3.899561255032705e-07
3.951921169809241e-07
3.7896174205258213e-07
3.847209858977339e-07
3.8995594441657793e-07
3.8419776467311506e-07
3.899560966264398e-07
3.8472115816026137e-07
3.894327051854824e-07
3.8472100548512093e-07
3.899559303338501e-07
For array: 8, 10
Max: 1.7732766324508598, Min: 0.5374116710420261
Difference: 
3.84198840406171e-07
3.8995740509918114e-07
3.915284576670763e-07
3.826277946159907e-07
3.847220822736634e-07
3.8995720287174984e-07
3.847224442769717e-07
3.8943381176839607e-07
3.8524581882971166e-07
3.8891043200272314e-07
3.8524564713855534e-07
3.894336334933632e-07
For array: 9, 0
Max: -0.6134370058329391, Min: -1.8566997499044233
Difference: 
3.8734184505431593e-07
4.025245440252931e-07
3.6849332468946753e-07
3.8210660498297426e-07
3.8786510961855374e-07
3.8262981550302046e-07
3.8786497477017733e-07
4.0357205819912634e-07
3.669227346684114e-07
3.8210652185867537e-07
3.8786519422923324e-07
3.826297165857294e-07
For array: 9, 1
Max: -0.6364104016744269, Min: -1.7907318529584186
Difference: 
3.8263283341655517e-07
4.025190362330285e-07
3.73204519235939e-07
3.8262873304571277e-07
3.878637002498285e-07
3.8210530642557655e-07
3.8367911774902296e-07
4.0304338245476206e-07
3.7163394682682366e-07
3.8262865135461226e-07
3.878637819205113e-07
3.82105210953949e-07
For array: 9, 2
Max: -0.6876019192406456, Min: -1.65814906787883
Difference: 
3.883849631701388e-07
3.852444609072614e-07
3.852436660539414e-07
3.821033652957582e-07
3.8786158388267737e-07
3.8210310859907206e-07
3.883850195978125e-07
3.868150033135002e-07
3.8367312664604214e-07
3.82103300502605e-07
3.878616499692397e-07
3.821030356992666e-07
For array: 9, 3
Max: -0.7712523418187803, Min: -1.4763011404301716
Difference: 
3.889060211129672e-07
3.8105384006343916e-07
3.8524334428197423e-07
4.0303939062240717e-07
3.7163003716257207e-07
3.810539712773267e-07
3.8942933365160935e-07
3.810540316163264e-07
3.862896806312897e-07
4.025165562963606e-07
3.7058307218180027e-07
3.815774163691938e-07
For array: 9, 4
Max: -0.8899444085357413, Min: -1.280285934804401
Difference: 
3.8000433752710143e-07
3.7738830867021325e-07
3.920445410594828e-07
3.789585101422117e-07
3.8105409477908393e-07
4.025124088054615e-07
3.78434065114218e-07
3.7843509571512703e-07
3.9204444162132617e-07
3.789586010578326e-07
3.81577346480402e-07
4.030361042649213e-07
For array: 9, 5
Max: 1.1437986407834808, Min: 0.9958765122088682
Difference: 
4.0303548068570637e-07
3.6691923492168993e-07
3.87856999992767e-07
4.025120699187381e-07
3.8314459245689736e-07
3.66919211011613e-07
4.030355373830366e-07
3.6796606147881093e-07
3.8838035915851837e-07
4.0303559438382233e-07
3.820976648365434e-07
For array: 9, 6
Max: 1.279873500330477, Min: 0.8898460858155852
Difference: 
3.7791170071010944e-07
3.831476012443786e-07
4.0303629363391844e-07
3.7686348884172274e-07
3.7791176677293083e-07
3.915210805904406e-07
3.789584892576566e-07
3.841941944668189e-07
4.0251316961684516e-07
3.752932207071929e-07
3.7895855011581977e-07
3.915209846087129e-07
For array: 9, 7
Max: 1.476966823898846, Min: 0.7716986569182701
Difference: 
3.810540415404071e-07
3.8942926584424303e-07
3.810541072425243e-07
3.7634755724422134e-07
4.0251198347180425e-07
3.8052969796619655e-07
3.815775007193728e-07
3.889058036611475e-07
3.810540495005352e-07
3.7739414697954926e-07
4.03035917317722e-07
3.794824902658389e-07
For array: 9, 8
Max: 1.6573196761761282, Min: 0.6870396062421567
Difference: 
4.02520986617255e-07
3.679671419232614e-07
3.821032946442507e-07
3.8838483257242147e-07
3.8157985836538383e-07
3.8838508872389434e-07
4.040915303960625e-07
3.6639660100955353e-07
3.821032314257358e-07
3.883848972732068e-07
3.821033205828623e-07
3.878616266424301e-07
For array: 9, 9
Max: 1.7915337855211815, Min: 0.6363139925595159
Difference: 
3.9100558134437677e-07
3.7948685024477153e-07
3.8210541748110516e-07
3.878639041747686e-07
3.8262865160862664e-07
3.878637797127915e-07
3.9257615992192323e-07
3.779162735512523e-07
3.8210534070001684e-07
3.8838709237904485e-07
3.821054492536371e-07
3.8786387132715043e-07
For array: 9, 10
Max: 1.8576459780878993, Min: 0.6137524544615448
Difference: 
3.8629464434343974e-07
3.84200146830504e-07
3.831534750558742e-07
3.873413175042035e-07
3.821065067719132e-07
3.8786520806203174e-07
3.878652429996154e-07
3.8262954928211394e-07
3.8262984642886125e-07
3.878649461369909e-07
3.8262996940064163e-07
3.8786482303926686e-07
For array: 10, 0
Max: -0.645711408535877, Min: -1.9020521882819215
Difference: 
3.8681886572061633e-07
3.9257850905091603e-07
3.7582431469295116e-07
3.8158385468811894e-07
3.8681897072506427e-07
3.815837953603863e-07
3.8368048548324634e-07
4.030466174150366e-07
3.684947523053346e-07
3.8210722028446506e-07
3.868186960725114e-07
3.8158405490961327e-07
For array: 10, 1
Max: -0.6685271202764895, Min: -1.8384843912024924
Difference: 
3.873410371014881e-07
3.8681839058387734e-07
3.815820778199211e-07
3.815828751955343e-07
3.868175949157118e-07
3.8158281993965506e-07
3.868176503643717e-07
3.9414788349884133e-07
3.7425259033638614e-07
3.810591590129412e-07
3.8734131633085873e-07
3.8158264241569265e-07
For array: 10, 2
Max: -0.7194008813836705, Min: -1.7070421995044125
Difference: 
3.873388410231326e-07
3.8105725107239705e-07
3.873388883208076e-07
3.81057204790675e-07
3.8733893683057095e-07
3.810571513458297e-07
3.8733898755158717e-07
3.81580626734348e-07
3.8681551247389947e-07
3.8105703833256827e-07
3.8786228899860666e-07
3.810573210675366e-07
For array: 10, 3
Max: -0.8023458834160573, Min: -1.5312197060856914
Difference: 
3.8838327405551354e-07
3.800079901213809e-07
3.883833090847451e-07
3.8576657968265495e-07
3.82624718876248e-07
3.80007912558429e-07
3.8838338559457323e-07
3.8000786836008167e-07
3.7844135312006314e-07
4.0251417943623704e-07
3.763424563391689e-07
3.7948451145441005e-07
For array: 10, 4
Max: -0.9130906595983955, Min: -1.344555329705235
Difference: 
3.8942825196511296e-07
4.0251590561672697e-07
3.663949564278244e-07
3.784358797008218e-07
3.9047497856581905e-07
3.7843599273261887e-07
3.8995152084042225e-07
3.784359695814339e-07
3.8995154481658895e-07
3.7843594127510813e-07
3.899515690097405e-07
3.794828746136278e-07
For array: 10, 5
Max: 1.2323443970046577, Min: 0.9958753947179119
Difference: 
3.9518498773148464e-07
3.721541878036344e-07
3.878577968518635e-07
4.025135041467845e-07
3.747700992238338e-07
3.7215423942999345e-07
3.951850972806115e-07
3.737244456518939e-07
3.9361488675771833e-07
4.030378940369779e-07
3.669183513909413e-07
For array: 10, 6
Max: 1.3449741150274424, Min: 0.9126824767283064
Difference: 
4.0251142991794487e-07
3.836697148183759e-07
3.7738904380501105e-07
3.915218168193457e-07
3.768656760453522e-07
3.800083227756222e-07
4.0303664689292387e-07
3.768643837991229e-07
3.773891074744773e-07
3.9099840540170684e-07
3.773890780961886e-07
3.8681169868235717e-07
For array: 10, 7
Max: 1.5310777863648826, Min: 0.8020645393004633
Difference: 
3.800079072353734e-07
3.883833934702048e-07
3.8000786761939117e-07
3.883834311701989e-07
3.810548549568357e-07
3.878597115523796e-07
3.805315458283783e-07
3.8785975065761184e-07
3.810550119564891e-07
3.873362835335199e-07
3.805314579558285e-07
3.878598375010573e-07
For array: 10, 8
Max: 1.70714670462993, Min: 0.7195865442986601
Difference: 
3.810572592414464e-07
3.8733888215600864e-07
3.810572097222802e-07
3.87338929975798e-07
3.868160241818706e-07
3.815801156976636e-07
3.8105710588006276e-07
3.8733903405716923e-07
3.815805807795072e-07
3.77921354683041e-07
4.0303952342501964e-07
3.747740056923747e-07
For array: 10, 9
Max: 1.8384343733925324, Min: 0.668060177418594
Difference: 
4.0304801843108753e-07
3.653524511895773e-07
3.8158255769822855e-07
3.8734103476836865e-07
3.810593786854007e-07
3.873410914546989e-07
3.815828739042897e-07
3.8681760003014394e-07
3.8158281612434084e-07
3.868176579916446e-07
3.8158275155610305e-07
3.8681772273901757e-07
For array: 10, 10
Max: 1.9022416095288193, Min: 0.6452368415568086
Difference: 
4.025214680880372e-07
3.711122649807853e-07
3.8158393104805083e-07
3.868188934860407e-07
3.815838738916033e-07
3.868189494460169e-07
3.815838164488902e-07
3.868190109513171e-07
3.8158375037173185e-07
3.8681907533140683e-07
3.8158367693280557e-07
3.873422388522132e-07
